1;1;98
1;2;95
1;3;90
1;4;83
1;5;74
1;6;63
1;7;50
1;8;35
1;9;18
1;10;-1
1;11;-22
1;12;-45
1;13;-70
1;14;-97
1;15;-126
1;16;-157
1;17;-190
1;18;-225
1;19;-262
1;20;-301
1;21;-342
1;22;-385
1;23;-430
1;24;-477
1;25;-526
1;26;-577
1;27;-630
1;28;-685
1;29;-742
1;30;-801
1;31;-862
1;32;-925
1;33;-990
1;34;-1057
1;35;-1126
1;36;-1197
1;37;-1270
1;38;-1345
1;39;-1422
1;40;-1501
1;41;-1582
1;42;-1665
1;43;-1750
1;44;-1837
1;45;-1926
1;46;-2017
1;47;-2110
1;48;-2205
1;49;-2302
1;50;-2401
1;51;-2502
1;52;-2605
1;53;-2710
1;54;-2817
1;55;-2926
1;56;-3037
1;57;-3150
1;58;-3265
1;59;-3382
1;60;-3501
1;61;-3622
1;62;-3745
1;63;-3870
1;64;-3997
1;65;-4126
1;66;-4257
1;67;-4390
1;68;-4525
1;69;-4662
1;70;-4801
1;71;-4942
1;72;-5085
1;73;-5230
1;74;-5377
1;75;-5526
1;76;-5677
1;77;-5830
1;78;-5985
1;79;-6142
1;80;-6301
1;81;-6462
1;82;-6625
1;83;-6790
1;84;-6957
1;85;-7126
1;86;-7297
1;87;-7470
1;88;-7645
1;89;-7822
1;90;-8001
1;91;-8182
1;92;-8365
1;93;-8550
1;94;-8737
1;95;-8926
1;96;-9117
1;97;-9310
1;98;-9505
1;99;-9702
1;100;-9901
2;1;95
2;2;92
2;3;87
2;4;80
2;5;71
2;6;60
2;7;47
2;8;32
2;9;15
2;10;-4
2;11;-25
2;12;-48
2;13;-73
2;14;-100
2;15;-129
2;16;-160
2;17;-193
2;18;-228
2;19;-265
2;20;-304
2;21;-345
2;22;-388
2;23;-433
2;24;-480
2;25;-529
2;26;-580
2;27;-633
2;28;-688
2;29;-745
2;30;-804
2;31;-865
2;32;-928
2;33;-993
2;34;-1060
2;35;-1129
2;36;-1200
2;37;-1273
2;38;-1348
2;39;-1425
2;40;-1504
2;41;-1585
2;42;-1668
2;43;-1753
2;44;-1840
2;45;-1929
2;46;-2020
2;47;-2113
2;48;-2208
2;49;-2305
2;50;-2404
2;51;-2505
2;52;-2608
2;53;-2713
2;54;-2820
2;55;-2929
2;56;-3040
2;57;-3153
2;58;-3268
2;59;-3385
2;60;-3504
2;61;-3625
2;62;-3748
2;63;-3873
2;64;-4000
2;65;-4129
2;66;-4260
2;67;-4393
2;68;-4528
2;69;-4665
2;70;-4804
2;71;-4945
2;72;-5088
2;73;-5233
2;74;-5380
2;75;-5529
2;76;-5680
2;77;-5833
2;78;-5988
2;79;-6145
2;80;-6304
2;81;-6465
2;82;-6628
2;83;-6793
2;84;-6960
2;85;-7129
2;86;-7300
2;87;-7473
2;88;-7648
2;89;-7825
2;90;-8004
2;91;-8185
2;92;-8368
2;93;-8553
2;94;-8740
2;95;-8929
2;96;-9120
2;97;-9313
2;98;-9508
2;99;-9705
2;100;-9904
3;1;90
3;2;87
3;3;82
3;4;75
3;5;66
3;6;55
3;7;42
3;8;27
3;9;10
3;10;-9
3;11;-30
3;12;-53
3;13;-78
3;14;-105
3;15;-134
3;16;-165
3;17;-198
3;18;-233
3;19;-270
3;20;-309
3;21;-350
3;22;-393
3;23;-438
3;24;-485
3;25;-534
3;26;-585
3;27;-638
3;28;-693
3;29;-750
3;30;-809
3;31;-870
3;32;-933
3;33;-998
3;34;-1065
3;35;-1134
3;36;-1205
3;37;-1278
3;38;-1353
3;39;-1430
3;40;-1509
3;41;-1590
3;42;-1673
3;43;-1758
3;44;-1845
3;45;-1934
3;46;-2025
3;47;-2118
3;48;-2213
3;49;-2310
3;50;-2409
3;51;-2510
3;52;-2613
3;53;-2718
3;54;-2825
3;55;-2934
3;56;-3045
3;57;-3158
3;58;-3273
3;59;-3390
3;60;-3509
3;61;-3630
3;62;-3753
3;63;-3878
3;64;-4005
3;65;-4134
3;66;-4265
3;67;-4398
3;68;-4533
3;69;-4670
3;70;-4809
3;71;-4950
3;72;-5093
3;73;-5238
3;74;-5385
3;75;-5534
3;76;-5685
3;77;-5838
3;78;-5993
3;79;-6150
3;80;-6309
3;81;-6470
3;82;-6633
3;83;-6798
3;84;-6965
3;85;-7134
3;86;-7305
3;87;-7478
3;88;-7653
3;89;-7830
3;90;-8009
3;91;-8190
3;92;-8373
3;93;-8558
3;94;-8745
3;95;-8934
3;96;-9125
3;97;-9318
3;98;-9513
3;99;-9710
3;100;-9909
4;1;83
4;2;80
4;3;75
4;4;68
4;5;59
4;6;48
4;7;35
4;8;20
4;9;3
4;10;-16
4;11;-37
4;12;-60
4;13;-85
4;14;-112
4;15;-141
4;16;-172
4;17;-205
4;18;-240
4;19;-277
4;20;-316
4;21;-357
4;22;-400
4;23;-445
4;24;-492
4;25;-541
4;26;-592
4;27;-645
4;28;-700
4;29;-757
4;30;-816
4;31;-877
4;32;-940
4;33;-1005
4;34;-1072
4;35;-1141
4;36;-1212
4;37;-1285
4;38;-1360
4;39;-1437
4;40;-1516
4;41;-1597
4;42;-1680
4;43;-1765
4;44;-1852
4;45;-1941
4;46;-2032
4;47;-2125
4;48;-2220
4;49;-2317
4;50;-2416
4;51;-2517
4;52;-2620
4;53;-2725
4;54;-2832
4;55;-2941
4;56;-3052
4;57;-3165
4;58;-3280
4;59;-3397
4;60;-3516
4;61;-3637
4;62;-3760
4;63;-3885
4;64;-4012
4;65;-4141
4;66;-4272
4;67;-4405
4;68;-4540
4;69;-4677
4;70;-4816
4;71;-4957
4;72;-5100
4;73;-5245
4;74;-5392
4;75;-5541
4;76;-5692
4;77;-5845
4;78;-6000
4;79;-6157
4;80;-6316
4;81;-6477
4;82;-6640
4;83;-6805
4;84;-6972
4;85;-7141
4;86;-7312
4;87;-7485
4;88;-7660
4;89;-7837
4;90;-8016
4;91;-8197
4;92;-8380
4;93;-8565
4;94;-8752
4;95;-8941
4;96;-9132
4;97;-9325
4;98;-9520
4;99;-9717
4;100;-9916
5;1;74
5;2;71
5;3;66
5;4;59
5;5;50
5;6;39
5;7;26
5;8;11
5;9;-6
5;10;-25
5;11;-46
5;12;-69
5;13;-94
5;14;-121
5;15;-150
5;16;-181
5;17;-214
5;18;-249
5;19;-286
5;20;-325
5;21;-366
5;22;-409
5;23;-454
5;24;-501
5;25;-550
5;26;-601
5;27;-654
5;28;-709
5;29;-766
5;30;-825
5;31;-886
5;32;-949
5;33;-1014
5;34;-1081
5;35;-1150
5;36;-1221
5;37;-1294
5;38;-1369
5;39;-1446
5;40;-1525
5;41;-1606
5;42;-1689
5;43;-1774
5;44;-1861
5;45;-1950
5;46;-2041
5;47;-2134
5;48;-2229
5;49;-2326
5;50;-2425
5;51;-2526
5;52;-2629
5;53;-2734
5;54;-2841
5;55;-2950
5;56;-3061
5;57;-3174
5;58;-3289
5;59;-3406
5;60;-3525
5;61;-3646
5;62;-3769
5;63;-3894
5;64;-4021
5;65;-4150
5;66;-4281
5;67;-4414
5;68;-4549
5;69;-4686
5;70;-4825
5;71;-4966
5;72;-5109
5;73;-5254
5;74;-5401
5;75;-5550
5;76;-5701
5;77;-5854
5;78;-6009
5;79;-6166
5;80;-6325
5;81;-6486
5;82;-6649
5;83;-6814
5;84;-6981
5;85;-7150
5;86;-7321
5;87;-7494
5;88;-7669
5;89;-7846
5;90;-8025
5;91;-8206
5;92;-8389
5;93;-8574
5;94;-8761
5;95;-8950
5;96;-9141
5;97;-9334
5;98;-9529
5;99;-9726
5;100;-9925
6;1;63
6;2;60
6;3;55
6;4;48
6;5;39
6;6;28
6;7;15
6;8;0
6;9;-17
6;10;-36
6;11;-57
6;12;-80
6;13;-105
6;14;-132
6;15;-161
6;16;-192
6;17;-225
6;18;-260
6;19;-297
6;20;-336
6;21;-377
6;22;-420
6;23;-465
6;24;-512
6;25;-561
6;26;-612
6;27;-665
6;28;-720
6;29;-777
6;30;-836
6;31;-897
6;32;-960
6;33;-1025
6;34;-1092
6;35;-1161
6;36;-1232
6;37;-1305
6;38;-1380
6;39;-1457
6;40;-1536
6;41;-1617
6;42;-1700
6;43;-1785
6;44;-1872
6;45;-1961
6;46;-2052
6;47;-2145
6;48;-2240
6;49;-2337
6;50;-2436
6;51;-2537
6;52;-2640
6;53;-2745
6;54;-2852
6;55;-2961
6;56;-3072
6;57;-3185
6;58;-3300
6;59;-3417
6;60;-3536
6;61;-3657
6;62;-3780
6;63;-3905
6;64;-4032
6;65;-4161
6;66;-4292
6;67;-4425
6;68;-4560
6;69;-4697
6;70;-4836
6;71;-4977
6;72;-5120
6;73;-5265
6;74;-5412
6;75;-5561
6;76;-5712
6;77;-5865
6;78;-6020
6;79;-6177
6;80;-6336
6;81;-6497
6;82;-6660
6;83;-6825
6;84;-6992
6;85;-7161
6;86;-7332
6;87;-7505
6;88;-7680
6;89;-7857
6;90;-8036
6;91;-8217
6;92;-8400
6;93;-8585
6;94;-8772
6;95;-8961
6;96;-9152
6;97;-9345
6;98;-9540
6;99;-9737
6;100;-9936
7;1;50
7;2;47
7;3;42
7;4;35
7;5;26
7;6;15
7;7;2
7;8;-13
7;9;-30
7;10;-49
7;11;-70
7;12;-93
7;13;-118
7;14;-145
7;15;-174
7;16;-205
7;17;-238
7;18;-273
7;19;-310
7;20;-349
7;21;-390
7;22;-433
7;23;-478
7;24;-525
7;25;-574
7;26;-625
7;27;-678
7;28;-733
7;29;-790
7;30;-849
7;31;-910
7;32;-973
7;33;-1038
7;34;-1105
7;35;-1174
7;36;-1245
7;37;-1318
7;38;-1393
7;39;-1470
7;40;-1549
7;41;-1630
7;42;-1713
7;43;-1798
7;44;-1885
7;45;-1974
7;46;-2065
7;47;-2158
7;48;-2253
7;49;-2350
7;50;-2449
7;51;-2550
7;52;-2653
7;53;-2758
7;54;-2865
7;55;-2974
7;56;-3085
7;57;-3198
7;58;-3313
7;59;-3430
7;60;-3549
7;61;-3670
7;62;-3793
7;63;-3918
7;64;-4045
7;65;-4174
7;66;-4305
7;67;-4438
7;68;-4573
7;69;-4710
7;70;-4849
7;71;-4990
7;72;-5133
7;73;-5278
7;74;-5425
7;75;-5574
7;76;-5725
7;77;-5878
7;78;-6033
7;79;-6190
7;80;-6349
7;81;-6510
7;82;-6673
7;83;-6838
7;84;-7005
7;85;-7174
7;86;-7345
7;87;-7518
7;88;-7693
7;89;-7870
7;90;-8049
7;91;-8230
7;92;-8413
7;93;-8598
7;94;-8785
7;95;-8974
7;96;-9165
7;97;-9358
7;98;-9553
7;99;-9750
7;100;-9949
8;1;35
8;2;32
8;3;27
8;4;20
8;5;11
8;6;0
8;7;-13
8;8;-28
8;9;-45
8;10;-64
8;11;-85
8;12;-108
8;13;-133
8;14;-160
8;15;-189
8;16;-220
8;17;-253
8;18;-288
8;19;-325
8;20;-364
8;21;-405
8;22;-448
8;23;-493
8;24;-540
8;25;-589
8;26;-640
8;27;-693
8;28;-748
8;29;-805
8;30;-864
8;31;-925
8;32;-988
8;33;-1053
8;34;-1120
8;35;-1189
8;36;-1260
8;37;-1333
8;38;-1408
8;39;-1485
8;40;-1564
8;41;-1645
8;42;-1728
8;43;-1813
8;44;-1900
8;45;-1989
8;46;-2080
8;47;-2173
8;48;-2268
8;49;-2365
8;50;-2464
8;51;-2565
8;52;-2668
8;53;-2773
8;54;-2880
8;55;-2989
8;56;-3100
8;57;-3213
8;58;-3328
8;59;-3445
8;60;-3564
8;61;-3685
8;62;-3808
8;63;-3933
8;64;-4060
8;65;-4189
8;66;-4320
8;67;-4453
8;68;-4588
8;69;-4725
8;70;-4864
8;71;-5005
8;72;-5148
8;73;-5293
8;74;-5440
8;75;-5589
8;76;-5740
8;77;-5893
8;78;-6048
8;79;-6205
8;80;-6364
8;81;-6525
8;82;-6688
8;83;-6853
8;84;-7020
8;85;-7189
8;86;-7360
8;87;-7533
8;88;-7708
8;89;-7885
8;90;-8064
8;91;-8245
8;92;-8428
8;93;-8613
8;94;-8800
8;95;-8989
8;96;-9180
8;97;-9373
8;98;-9568
8;99;-9765
8;100;-9964
9;1;18
9;2;15
9;3;10
9;4;3
9;5;-6
9;6;-17
9;7;-30
9;8;-45
9;9;-62
9;10;-81
9;11;-102
9;12;-125
9;13;-150
9;14;-177
9;15;-206
9;16;-237
9;17;-270
9;18;-305
9;19;-342
9;20;-381
9;21;-422
9;22;-465
9;23;-510
9;24;-557
9;25;-606
9;26;-657
9;27;-710
9;28;-765
9;29;-822
9;30;-881
9;31;-942
9;32;-1005
9;33;-1070
9;34;-1137
9;35;-1206
9;36;-1277
9;37;-1350
9;38;-1425
9;39;-1502
9;40;-1581
9;41;-1662
9;42;-1745
9;43;-1830
9;44;-1917
9;45;-2006
9;46;-2097
9;47;-2190
9;48;-2285
9;49;-2382
9;50;-2481
9;51;-2582
9;52;-2685
9;53;-2790
9;54;-2897
9;55;-3006
9;56;-3117
9;57;-3230
9;58;-3345
9;59;-3462
9;60;-3581
9;61;-3702
9;62;-3825
9;63;-3950
9;64;-4077
9;65;-4206
9;66;-4337
9;67;-4470
9;68;-4605
9;69;-4742
9;70;-4881
9;71;-5022
9;72;-5165
9;73;-5310
9;74;-5457
9;75;-5606
9;76;-5757
9;77;-5910
9;78;-6065
9;79;-6222
9;80;-6381
9;81;-6542
9;82;-6705
9;83;-6870
9;84;-7037
9;85;-7206
9;86;-7377
9;87;-7550
9;88;-7725
9;89;-7902
9;90;-8081
9;91;-8262
9;92;-8445
9;93;-8630
9;94;-8817
9;95;-9006
9;96;-9197
9;97;-9390
9;98;-9585
9;99;-9782
9;100;-9981
10;1;-1
10;2;-4
10;3;-9
10;4;-16
10;5;-25
10;6;-36
10;7;-49
10;8;-64
10;9;-81
10;10;-100
10;11;-121
10;12;-144
10;13;-169
10;14;-196
10;15;-225
10;16;-256
10;17;-289
10;18;-324
10;19;-361
10;20;-400
10;21;-441
10;22;-484
10;23;-529
10;24;-576
10;25;-625
10;26;-676
10;27;-729
10;28;-784
10;29;-841
10;30;-900
10;31;-961
10;32;-1024
10;33;-1089
10;34;-1156
10;35;-1225
10;36;-1296
10;37;-1369
10;38;-1444
10;39;-1521
10;40;-1600
10;41;-1681
10;42;-1764
10;43;-1849
10;44;-1936
10;45;-2025
10;46;-2116
10;47;-2209
10;48;-2304
10;49;-2401
10;50;-2500
10;51;-2601
10;52;-2704
10;53;-2809
10;54;-2916
10;55;-3025
10;56;-3136
10;57;-3249
10;58;-3364
10;59;-3481
10;60;-3600
10;61;-3721
10;62;-3844
10;63;-3969
10;64;-4096
10;65;-4225
10;66;-4356
10;67;-4489
10;68;-4624
10;69;-4761
10;70;-4900
10;71;-5041
10;72;-5184
10;73;-5329
10;74;-5476
10;75;-5625
10;76;-5776
10;77;-5929
10;78;-6084
10;79;-6241
10;80;-6400
10;81;-6561
10;82;-6724
10;83;-6889
10;84;-7056
10;85;-7225
10;86;-7396
10;87;-7569
10;88;-7744
10;89;-7921
10;90;-8100
10;91;-8281
10;92;-8464
10;93;-8649
10;94;-8836
10;95;-9025
10;96;-9216
10;97;-9409
10;98;-9604
10;99;-9801
10;100;-10000
11;1;-22
11;2;-25
11;3;-30
11;4;-37
11;5;-46
11;6;-57
11;7;-70
11;8;-85
11;9;-102
11;10;-121
11;11;-142
11;12;-165
11;13;-190
11;14;-217
11;15;-246
11;16;-277
11;17;-310
11;18;-345
11;19;-382
11;20;-421
11;21;-462
11;22;-505
11;23;-550
11;24;-597
11;25;-646
11;26;-697
11;27;-750
11;28;-805
11;29;-862
11;30;-921
11;31;-982
11;32;-1045
11;33;-1110
11;34;-1177
11;35;-1246
11;36;-1317
11;37;-1390
11;38;-1465
11;39;-1542
11;40;-1621
11;41;-1702
11;42;-1785
11;43;-1870
11;44;-1957
11;45;-2046
11;46;-2137
11;47;-2230
11;48;-2325
11;49;-2422
11;50;-2521
11;51;-2622
11;52;-2725
11;53;-2830
11;54;-2937
11;55;-3046
11;56;-3157
11;57;-3270
11;58;-3385
11;59;-3502
11;60;-3621
11;61;-3742
11;62;-3865
11;63;-3990
11;64;-4117
11;65;-4246
11;66;-4377
11;67;-4510
11;68;-4645
11;69;-4782
11;70;-4921
11;71;-5062
11;72;-5205
11;73;-5350
11;74;-5497
11;75;-5646
11;76;-5797
11;77;-5950
11;78;-6105
11;79;-6262
11;80;-6421
11;81;-6582
11;82;-6745
11;83;-6910
11;84;-7077
11;85;-7246
11;86;-7417
11;87;-7590
11;88;-7765
11;89;-7942
11;90;-8121
11;91;-8302
11;92;-8485
11;93;-8670
11;94;-8857
11;95;-9046
11;96;-9237
11;97;-9430
11;98;-9625
11;99;-9822
11;100;-10021
12;1;-45
12;2;-48
12;3;-53
12;4;-60
12;5;-69
12;6;-80
12;7;-93
12;8;-108
12;9;-125
12;10;-144
12;11;-165
12;12;-188
12;13;-213
12;14;-240
12;15;-269
12;16;-300
12;17;-333
12;18;-368
12;19;-405
12;20;-444
12;21;-485
12;22;-528
12;23;-573
12;24;-620
12;25;-669
12;26;-720
12;27;-773
12;28;-828
12;29;-885
12;30;-944
12;31;-1005
12;32;-1068
12;33;-1133
12;34;-1200
12;35;-1269
12;36;-1340
12;37;-1413
12;38;-1488
12;39;-1565
12;40;-1644
12;41;-1725
12;42;-1808
12;43;-1893
12;44;-1980
12;45;-2069
12;46;-2160
12;47;-2253
12;48;-2348
12;49;-2445
12;50;-2544
12;51;-2645
12;52;-2748
12;53;-2853
12;54;-2960
12;55;-3069
12;56;-3180
12;57;-3293
12;58;-3408
12;59;-3525
12;60;-3644
12;61;-3765
12;62;-3888
12;63;-4013
12;64;-4140
12;65;-4269
12;66;-4400
12;67;-4533
12;68;-4668
12;69;-4805
12;70;-4944
12;71;-5085
12;72;-5228
12;73;-5373
12;74;-5520
12;75;-5669
12;76;-5820
12;77;-5973
12;78;-6128
12;79;-6285
12;80;-6444
12;81;-6605
12;82;-6768
12;83;-6933
12;84;-7100
12;85;-7269
12;86;-7440
12;87;-7613
12;88;-7788
12;89;-7965
12;90;-8144
12;91;-8325
12;92;-8508
12;93;-8693
12;94;-8880
12;95;-9069
12;96;-9260
12;97;-9453
12;98;-9648
12;99;-9845
12;100;-10044
13;1;-70
13;2;-73
13;3;-78
13;4;-85
13;5;-94
13;6;-105
13;7;-118
13;8;-133
13;9;-150
13;10;-169
13;11;-190
13;12;-213
13;13;-238
13;14;-265
13;15;-294
13;16;-325
13;17;-358
13;18;-393
13;19;-430
13;20;-469
13;21;-510
13;22;-553
13;23;-598
13;24;-645
13;25;-694
13;26;-745
13;27;-798
13;28;-853
13;29;-910
13;30;-969
13;31;-1030
13;32;-1093
13;33;-1158
13;34;-1225
13;35;-1294
13;36;-1365
13;37;-1438
13;38;-1513
13;39;-1590
13;40;-1669
13;41;-1750
13;42;-1833
13;43;-1918
13;44;-2005
13;45;-2094
13;46;-2185
13;47;-2278
13;48;-2373
13;49;-2470
13;50;-2569
13;51;-2670
13;52;-2773
13;53;-2878
13;54;-2985
13;55;-3094
13;56;-3205
13;57;-3318
13;58;-3433
13;59;-3550
13;60;-3669
13;61;-3790
13;62;-3913
13;63;-4038
13;64;-4165
13;65;-4294
13;66;-4425
13;67;-4558
13;68;-4693
13;69;-4830
13;70;-4969
13;71;-5110
13;72;-5253
13;73;-5398
13;74;-5545
13;75;-5694
13;76;-5845
13;77;-5998
13;78;-6153
13;79;-6310
13;80;-6469
13;81;-6630
13;82;-6793
13;83;-6958
13;84;-7125
13;85;-7294
13;86;-7465
13;87;-7638
13;88;-7813
13;89;-7990
13;90;-8169
13;91;-8350
13;92;-8533
13;93;-8718
13;94;-8905
13;95;-9094
13;96;-9285
13;97;-9478
13;98;-9673
13;99;-9870
13;100;-10069
14;1;-97
14;2;-100
14;3;-105
14;4;-112
14;5;-121
14;6;-132
14;7;-145
14;8;-160
14;9;-177
14;10;-196
14;11;-217
14;12;-240
14;13;-265
14;14;-292
14;15;-321
14;16;-352
14;17;-385
14;18;-420
14;19;-457
14;20;-496
14;21;-537
14;22;-580
14;23;-625
14;24;-672
14;25;-721
14;26;-772
14;27;-825
14;28;-880
14;29;-937
14;30;-996
14;31;-1057
14;32;-1120
14;33;-1185
14;34;-1252
14;35;-1321
14;36;-1392
14;37;-1465
14;38;-1540
14;39;-1617
14;40;-1696
14;41;-1777
14;42;-1860
14;43;-1945
14;44;-2032
14;45;-2121
14;46;-2212
14;47;-2305
14;48;-2400
14;49;-2497
14;50;-2596
14;51;-2697
14;52;-2800
14;53;-2905
14;54;-3012
14;55;-3121
14;56;-3232
14;57;-3345
14;58;-3460
14;59;-3577
14;60;-3696
14;61;-3817
14;62;-3940
14;63;-4065
14;64;-4192
14;65;-4321
14;66;-4452
14;67;-4585
14;68;-4720
14;69;-4857
14;70;-4996
14;71;-5137
14;72;-5280
14;73;-5425
14;74;-5572
14;75;-5721
14;76;-5872
14;77;-6025
14;78;-6180
14;79;-6337
14;80;-6496
14;81;-6657
14;82;-6820
14;83;-6985
14;84;-7152
14;85;-7321
14;86;-7492
14;87;-7665
14;88;-7840
14;89;-8017
14;90;-8196
14;91;-8377
14;92;-8560
14;93;-8745
14;94;-8932
14;95;-9121
14;96;-9312
14;97;-9505
14;98;-9700
14;99;-9897
14;100;-10096
15;1;-126
15;2;-129
15;3;-134
15;4;-141
15;5;-150
15;6;-161
15;7;-174
15;8;-189
15;9;-206
15;10;-225
15;11;-246
15;12;-269
15;13;-294
15;14;-321
15;15;-350
15;16;-381
15;17;-414
15;18;-449
15;19;-486
15;20;-525
15;21;-566
15;22;-609
15;23;-654
15;24;-701
15;25;-750
15;26;-801
15;27;-854
15;28;-909
15;29;-966
15;30;-1025
15;31;-1086
15;32;-1149
15;33;-1214
15;34;-1281
15;35;-1350
15;36;-1421
15;37;-1494
15;38;-1569
15;39;-1646
15;40;-1725
15;41;-1806
15;42;-1889
15;43;-1974
15;44;-2061
15;45;-2150
15;46;-2241
15;47;-2334
15;48;-2429
15;49;-2526
15;50;-2625
15;51;-2726
15;52;-2829
15;53;-2934
15;54;-3041
15;55;-3150
15;56;-3261
15;57;-3374
15;58;-3489
15;59;-3606
15;60;-3725
15;61;-3846
15;62;-3969
15;63;-4094
15;64;-4221
15;65;-4350
15;66;-4481
15;67;-4614
15;68;-4749
15;69;-4886
15;70;-5025
15;71;-5166
15;72;-5309
15;73;-5454
15;74;-5601
15;75;-5750
15;76;-5901
15;77;-6054
15;78;-6209
15;79;-6366
15;80;-6525
15;81;-6686
15;82;-6849
15;83;-7014
15;84;-7181
15;85;-7350
15;86;-7521
15;87;-7694
15;88;-7869
15;89;-8046
15;90;-8225
15;91;-8406
15;92;-8589
15;93;-8774
15;94;-8961
15;95;-9150
15;96;-9341
15;97;-9534
15;98;-9729
15;99;-9926
15;100;-10125
16;1;-157
16;2;-160
16;3;-165
16;4;-172
16;5;-181
16;6;-192
16;7;-205
16;8;-220
16;9;-237
16;10;-256
16;11;-277
16;12;-300
16;13;-325
16;14;-352
16;15;-381
16;16;-412
16;17;-445
16;18;-480
16;19;-517
16;20;-556
16;21;-597
16;22;-640
16;23;-685
16;24;-732
16;25;-781
16;26;-832
16;27;-885
16;28;-940
16;29;-997
16;30;-1056
16;31;-1117
16;32;-1180
16;33;-1245
16;34;-1312
16;35;-1381
16;36;-1452
16;37;-1525
16;38;-1600
16;39;-1677
16;40;-1756
16;41;-1837
16;42;-1920
16;43;-2005
16;44;-2092
16;45;-2181
16;46;-2272
16;47;-2365
16;48;-2460
16;49;-2557
16;50;-2656
16;51;-2757
16;52;-2860
16;53;-2965
16;54;-3072
16;55;-3181
16;56;-3292
16;57;-3405
16;58;-3520
16;59;-3637
16;60;-3756
16;61;-3877
16;62;-4000
16;63;-4125
16;64;-4252
16;65;-4381
16;66;-4512
16;67;-4645
16;68;-4780
16;69;-4917
16;70;-5056
16;71;-5197
16;72;-5340
16;73;-5485
16;74;-5632
16;75;-5781
16;76;-5932
16;77;-6085
16;78;-6240
16;79;-6397
16;80;-6556
16;81;-6717
16;82;-6880
16;83;-7045
16;84;-7212
16;85;-7381
16;86;-7552
16;87;-7725
16;88;-7900
16;89;-8077
16;90;-8256
16;91;-8437
16;92;-8620
16;93;-8805
16;94;-8992
16;95;-9181
16;96;-9372
16;97;-9565
16;98;-9760
16;99;-9957
16;100;-10156
17;1;-190
17;2;-193
17;3;-198
17;4;-205
17;5;-214
17;6;-225
17;7;-238
17;8;-253
17;9;-270
17;10;-289
17;11;-310
17;12;-333
17;13;-358
17;14;-385
17;15;-414
17;16;-445
17;17;-478
17;18;-513
17;19;-550
17;20;-589
17;21;-630
17;22;-673
17;23;-718
17;24;-765
17;25;-814
17;26;-865
17;27;-918
17;28;-973
17;29;-1030
17;30;-1089
17;31;-1150
17;32;-1213
17;33;-1278
17;34;-1345
17;35;-1414
17;36;-1485
17;37;-1558
17;38;-1633
17;39;-1710
17;40;-1789
17;41;-1870
17;42;-1953
17;43;-2038
17;44;-2125
17;45;-2214
17;46;-2305
17;47;-2398
17;48;-2493
17;49;-2590
17;50;-2689
17;51;-2790
17;52;-2893
17;53;-2998
17;54;-3105
17;55;-3214
17;56;-3325
17;57;-3438
17;58;-3553
17;59;-3670
17;60;-3789
17;61;-3910
17;62;-4033
17;63;-4158
17;64;-4285
17;65;-4414
17;66;-4545
17;67;-4678
17;68;-4813
17;69;-4950
17;70;-5089
17;71;-5230
17;72;-5373
17;73;-5518
17;74;-5665
17;75;-5814
17;76;-5965
17;77;-6118
17;78;-6273
17;79;-6430
17;80;-6589
17;81;-6750
17;82;-6913
17;83;-7078
17;84;-7245
17;85;-7414
17;86;-7585
17;87;-7758
17;88;-7933
17;89;-8110
17;90;-8289
17;91;-8470
17;92;-8653
17;93;-8838
17;94;-9025
17;95;-9214
17;96;-9405
17;97;-9598
17;98;-9793
17;99;-9990
17;100;-10189
18;1;-225
18;2;-228
18;3;-233
18;4;-240
18;5;-249
18;6;-260
18;7;-273
18;8;-288
18;9;-305
18;10;-324
18;11;-345
18;12;-368
18;13;-393
18;14;-420
18;15;-449
18;16;-480
18;17;-513
18;18;-548
18;19;-585
18;20;-624
18;21;-665
18;22;-708
18;23;-753
18;24;-800
18;25;-849
18;26;-900
18;27;-953
18;28;-1008
18;29;-1065
18;30;-1124
18;31;-1185
18;32;-1248
18;33;-1313
18;34;-1380
18;35;-1449
18;36;-1520
18;37;-1593
18;38;-1668
18;39;-1745
18;40;-1824
18;41;-1905
18;42;-1988
18;43;-2073
18;44;-2160
18;45;-2249
18;46;-2340
18;47;-2433
18;48;-2528
18;49;-2625
18;50;-2724
18;51;-2825
18;52;-2928
18;53;-3033
18;54;-3140
18;55;-3249
18;56;-3360
18;57;-3473
18;58;-3588
18;59;-3705
18;60;-3824
18;61;-3945
18;62;-4068
18;63;-4193
18;64;-4320
18;65;-4449
18;66;-4580
18;67;-4713
18;68;-4848
18;69;-4985
18;70;-5124
18;71;-5265
18;72;-5408
18;73;-5553
18;74;-5700
18;75;-5849
18;76;-6000
18;77;-6153
18;78;-6308
18;79;-6465
18;80;-6624
18;81;-6785
18;82;-6948
18;83;-7113
18;84;-7280
18;85;-7449
18;86;-7620
18;87;-7793
18;88;-7968
18;89;-8145
18;90;-8324
18;91;-8505
18;92;-8688
18;93;-8873
18;94;-9060
18;95;-9249
18;96;-9440
18;97;-9633
18;98;-9828
18;99;-10025
18;100;-10224
19;1;-262
19;2;-265
19;3;-270
19;4;-277
19;5;-286
19;6;-297
19;7;-310
19;8;-325
19;9;-342
19;10;-361
19;11;-382
19;12;-405
19;13;-430
19;14;-457
19;15;-486
19;16;-517
19;17;-550
19;18;-585
19;19;-622
19;20;-661
19;21;-702
19;22;-745
19;23;-790
19;24;-837
19;25;-886
19;26;-937
19;27;-990
19;28;-1045
19;29;-1102
19;30;-1161
19;31;-1222
19;32;-1285
19;33;-1350
19;34;-1417
19;35;-1486
19;36;-1557
19;37;-1630
19;38;-1705
19;39;-1782
19;40;-1861
19;41;-1942
19;42;-2025
19;43;-2110
19;44;-2197
19;45;-2286
19;46;-2377
19;47;-2470
19;48;-2565
19;49;-2662
19;50;-2761
19;51;-2862
19;52;-2965
19;53;-3070
19;54;-3177
19;55;-3286
19;56;-3397
19;57;-3510
19;58;-3625
19;59;-3742
19;60;-3861
19;61;-3982
19;62;-4105
19;63;-4230
19;64;-4357
19;65;-4486
19;66;-4617
19;67;-4750
19;68;-4885
19;69;-5022
19;70;-5161
19;71;-5302
19;72;-5445
19;73;-5590
19;74;-5737
19;75;-5886
19;76;-6037
19;77;-6190
19;78;-6345
19;79;-6502
19;80;-6661
19;81;-6822
19;82;-6985
19;83;-7150
19;84;-7317
19;85;-7486
19;86;-7657
19;87;-7830
19;88;-8005
19;89;-8182
19;90;-8361
19;91;-8542
19;92;-8725
19;93;-8910
19;94;-9097
19;95;-9286
19;96;-9477
19;97;-9670
19;98;-9865
19;99;-10062
19;100;-10261
20;1;-301
20;2;-304
20;3;-309
20;4;-316
20;5;-325
20;6;-336
20;7;-349
20;8;-364
20;9;-381
20;10;-400
20;11;-421
20;12;-444
20;13;-469
20;14;-496
20;15;-525
20;16;-556
20;17;-589
20;18;-624
20;19;-661
20;20;-700
20;21;-741
20;22;-784
20;23;-829
20;24;-876
20;25;-925
20;26;-976
20;27;-1029
20;28;-1084
20;29;-1141
20;30;-1200
20;31;-1261
20;32;-1324
20;33;-1389
20;34;-1456
20;35;-1525
20;36;-1596
20;37;-1669
20;38;-1744
20;39;-1821
20;40;-1900
20;41;-1981
20;42;-2064
20;43;-2149
20;44;-2236
20;45;-2325
20;46;-2416
20;47;-2509
20;48;-2604
20;49;-2701
20;50;-2800
20;51;-2901
20;52;-3004
20;53;-3109
20;54;-3216
20;55;-3325
20;56;-3436
20;57;-3549
20;58;-3664
20;59;-3781
20;60;-3900
20;61;-4021
20;62;-4144
20;63;-4269
20;64;-4396
20;65;-4525
20;66;-4656
20;67;-4789
20;68;-4924
20;69;-5061
20;70;-5200
20;71;-5341
20;72;-5484
20;73;-5629
20;74;-5776
20;75;-5925
20;76;-6076
20;77;-6229
20;78;-6384
20;79;-6541
20;80;-6700
20;81;-6861
20;82;-7024
20;83;-7189
20;84;-7356
20;85;-7525
20;86;-7696
20;87;-7869
20;88;-8044
20;89;-8221
20;90;-8400
20;91;-8581
20;92;-8764
20;93;-8949
20;94;-9136
20;95;-9325
20;96;-9516
20;97;-9709
20;98;-9904
20;99;-10101
20;100;-10300
21;1;-342
21;2;-345
21;3;-350
21;4;-357
21;5;-366
21;6;-377
21;7;-390
21;8;-405
21;9;-422
21;10;-441
21;11;-462
21;12;-485
21;13;-510
21;14;-537
21;15;-566
21;16;-597
21;17;-630
21;18;-665
21;19;-702
21;20;-741
21;21;-782
21;22;-825
21;23;-870
21;24;-917
21;25;-966
21;26;-1017
21;27;-1070
21;28;-1125
21;29;-1182
21;30;-1241
21;31;-1302
21;32;-1365
21;33;-1430
21;34;-1497
21;35;-1566
21;36;-1637
21;37;-1710
21;38;-1785
21;39;-1862
21;40;-1941
21;41;-2022
21;42;-2105
21;43;-2190
21;44;-2277
21;45;-2366
21;46;-2457
21;47;-2550
21;48;-2645
21;49;-2742
21;50;-2841
21;51;-2942
21;52;-3045
21;53;-3150
21;54;-3257
21;55;-3366
21;56;-3477
21;57;-3590
21;58;-3705
21;59;-3822
21;60;-3941
21;61;-4062
21;62;-4185
21;63;-4310
21;64;-4437
21;65;-4566
21;66;-4697
21;67;-4830
21;68;-4965
21;69;-5102
21;70;-5241
21;71;-5382
21;72;-5525
21;73;-5670
21;74;-5817
21;75;-5966
21;76;-6117
21;77;-6270
21;78;-6425
21;79;-6582
21;80;-6741
21;81;-6902
21;82;-7065
21;83;-7230
21;84;-7397
21;85;-7566
21;86;-7737
21;87;-7910
21;88;-8085
21;89;-8262
21;90;-8441
21;91;-8622
21;92;-8805
21;93;-8990
21;94;-9177
21;95;-9366
21;96;-9557
21;97;-9750
21;98;-9945
21;99;-10142
21;100;-10341
22;1;-385
22;2;-388
22;3;-393
22;4;-400
22;5;-409
22;6;-420
22;7;-433
22;8;-448
22;9;-465
22;10;-484
22;11;-505
22;12;-528
22;13;-553
22;14;-580
22;15;-609
22;16;-640
22;17;-673
22;18;-708
22;19;-745
22;20;-784
22;21;-825
22;22;-868
22;23;-913
22;24;-960
22;25;-1009
22;26;-1060
22;27;-1113
22;28;-1168
22;29;-1225
22;30;-1284
22;31;-1345
22;32;-1408
22;33;-1473
22;34;-1540
22;35;-1609
22;36;-1680
22;37;-1753
22;38;-1828
22;39;-1905
22;40;-1984
22;41;-2065
22;42;-2148
22;43;-2233
22;44;-2320
22;45;-2409
22;46;-2500
22;47;-2593
22;48;-2688
22;49;-2785
22;50;-2884
22;51;-2985
22;52;-3088
22;53;-3193
22;54;-3300
22;55;-3409
22;56;-3520
22;57;-3633
22;58;-3748
22;59;-3865
22;60;-3984
22;61;-4105
22;62;-4228
22;63;-4353
22;64;-4480
22;65;-4609
22;66;-4740
22;67;-4873
22;68;-5008
22;69;-5145
22;70;-5284
22;71;-5425
22;72;-5568
22;73;-5713
22;74;-5860
22;75;-6009
22;76;-6160
22;77;-6313
22;78;-6468
22;79;-6625
22;80;-6784
22;81;-6945
22;82;-7108
22;83;-7273
22;84;-7440
22;85;-7609
22;86;-7780
22;87;-7953
22;88;-8128
22;89;-8305
22;90;-8484
22;91;-8665
22;92;-8848
22;93;-9033
22;94;-9220
22;95;-9409
22;96;-9600
22;97;-9793
22;98;-9988
22;99;-10185
22;100;-10384
23;1;-430
23;2;-433
23;3;-438
23;4;-445
23;5;-454
23;6;-465
23;7;-478
23;8;-493
23;9;-510
23;10;-529
23;11;-550
23;12;-573
23;13;-598
23;14;-625
23;15;-654
23;16;-685
23;17;-718
23;18;-753
23;19;-790
23;20;-829
23;21;-870
23;22;-913
23;23;-958
23;24;-1005
23;25;-1054
23;26;-1105
23;27;-1158
23;28;-1213
23;29;-1270
23;30;-1329
23;31;-1390
23;32;-1453
23;33;-1518
23;34;-1585
23;35;-1654
23;36;-1725
23;37;-1798
23;38;-1873
23;39;-1950
23;40;-2029
23;41;-2110
23;42;-2193
23;43;-2278
23;44;-2365
23;45;-2454
23;46;-2545
23;47;-2638
23;48;-2733
23;49;-2830
23;50;-2929
23;51;-3030
23;52;-3133
23;53;-3238
23;54;-3345
23;55;-3454
23;56;-3565
23;57;-3678
23;58;-3793
23;59;-3910
23;60;-4029
23;61;-4150
23;62;-4273
23;63;-4398
23;64;-4525
23;65;-4654
23;66;-4785
23;67;-4918
23;68;-5053
23;69;-5190
23;70;-5329
23;71;-5470
23;72;-5613
23;73;-5758
23;74;-5905
23;75;-6054
23;76;-6205
23;77;-6358
23;78;-6513
23;79;-6670
23;80;-6829
23;81;-6990
23;82;-7153
23;83;-7318
23;84;-7485
23;85;-7654
23;86;-7825
23;87;-7998
23;88;-8173
23;89;-8350
23;90;-8529
23;91;-8710
23;92;-8893
23;93;-9078
23;94;-9265
23;95;-9454
23;96;-9645
23;97;-9838
23;98;-10033
23;99;-10230
23;100;-10429
24;1;-477
24;2;-480
24;3;-485
24;4;-492
24;5;-501
24;6;-512
24;7;-525
24;8;-540
24;9;-557
24;10;-576
24;11;-597
24;12;-620
24;13;-645
24;14;-672
24;15;-701
24;16;-732
24;17;-765
24;18;-800
24;19;-837
24;20;-876
24;21;-917
24;22;-960
24;23;-1005
24;24;-1052
24;25;-1101
24;26;-1152
24;27;-1205
24;28;-1260
24;29;-1317
24;30;-1376
24;31;-1437
24;32;-1500
24;33;-1565
24;34;-1632
24;35;-1701
24;36;-1772
24;37;-1845
24;38;-1920
24;39;-1997
24;40;-2076
24;41;-2157
24;42;-2240
24;43;-2325
24;44;-2412
24;45;-2501
24;46;-2592
24;47;-2685
24;48;-2780
24;49;-2877
24;50;-2976
24;51;-3077
24;52;-3180
24;53;-3285
24;54;-3392
24;55;-3501
24;56;-3612
24;57;-3725
24;58;-3840
24;59;-3957
24;60;-4076
24;61;-4197
24;62;-4320
24;63;-4445
24;64;-4572
24;65;-4701
24;66;-4832
24;67;-4965
24;68;-5100
24;69;-5237
24;70;-5376
24;71;-5517
24;72;-5660
24;73;-5805
24;74;-5952
24;75;-6101
24;76;-6252
24;77;-6405
24;78;-6560
24;79;-6717
24;80;-6876
24;81;-7037
24;82;-7200
24;83;-7365
24;84;-7532
24;85;-7701
24;86;-7872
24;87;-8045
24;88;-8220
24;89;-8397
24;90;-8576
24;91;-8757
24;92;-8940
24;93;-9125
24;94;-9312
24;95;-9501
24;96;-9692
24;97;-9885
24;98;-10080
24;99;-10277
24;100;-10476
25;1;-526
25;2;-529
25;3;-534
25;4;-541
25;5;-550
25;6;-561
25;7;-574
25;8;-589
25;9;-606
25;10;-625
25;11;-646
25;12;-669
25;13;-694
25;14;-721
25;15;-750
25;16;-781
25;17;-814
25;18;-849
25;19;-886
25;20;-925
25;21;-966
25;22;-1009
25;23;-1054
25;24;-1101
25;25;-1150
25;26;-1201
25;27;-1254
25;28;-1309
25;29;-1366
25;30;-1425
25;31;-1486
25;32;-1549
25;33;-1614
25;34;-1681
25;35;-1750
25;36;-1821
25;37;-1894
25;38;-1969
25;39;-2046
25;40;-2125
25;41;-2206
25;42;-2289
25;43;-2374
25;44;-2461
25;45;-2550
25;46;-2641
25;47;-2734
25;48;-2829
25;49;-2926
25;50;-3025
25;51;-3126
25;52;-3229
25;53;-3334
25;54;-3441
25;55;-3550
25;56;-3661
25;57;-3774
25;58;-3889
25;59;-4006
25;60;-4125
25;61;-4246
25;62;-4369
25;63;-4494
25;64;-4621
25;65;-4750
25;66;-4881
25;67;-5014
25;68;-5149
25;69;-5286
25;70;-5425
25;71;-5566
25;72;-5709
25;73;-5854
25;74;-6001
25;75;-6150
25;76;-6301
25;77;-6454
25;78;-6609
25;79;-6766
25;80;-6925
25;81;-7086
25;82;-7249
25;83;-7414
25;84;-7581
25;85;-7750
25;86;-7921
25;87;-8094
25;88;-8269
25;89;-8446
25;90;-8625
25;91;-8806
25;92;-8989
25;93;-9174
25;94;-9361
25;95;-9550
25;96;-9741
25;97;-9934
25;98;-10129
25;99;-10326
25;100;-10525
26;1;-577
26;2;-580
26;3;-585
26;4;-592
26;5;-601
26;6;-612
26;7;-625
26;8;-640
26;9;-657
26;10;-676
26;11;-697
26;12;-720
26;13;-745
26;14;-772
26;15;-801
26;16;-832
26;17;-865
26;18;-900
26;19;-937
26;20;-976
26;21;-1017
26;22;-1060
26;23;-1105
26;24;-1152
26;25;-1201
26;26;-1252
26;27;-1305
26;28;-1360
26;29;-1417
26;30;-1476
26;31;-1537
26;32;-1600
26;33;-1665
26;34;-1732
26;35;-1801
26;36;-1872
26;37;-1945
26;38;-2020
26;39;-2097
26;40;-2176
26;41;-2257
26;42;-2340
26;43;-2425
26;44;-2512
26;45;-2601
26;46;-2692
26;47;-2785
26;48;-2880
26;49;-2977
26;50;-3076
26;51;-3177
26;52;-3280
26;53;-3385
26;54;-3492
26;55;-3601
26;56;-3712
26;57;-3825
26;58;-3940
26;59;-4057
26;60;-4176
26;61;-4297
26;62;-4420
26;63;-4545
26;64;-4672
26;65;-4801
26;66;-4932
26;67;-5065
26;68;-5200
26;69;-5337
26;70;-5476
26;71;-5617
26;72;-5760
26;73;-5905
26;74;-6052
26;75;-6201
26;76;-6352
26;77;-6505
26;78;-6660
26;79;-6817
26;80;-6976
26;81;-7137
26;82;-7300
26;83;-7465
26;84;-7632
26;85;-7801
26;86;-7972
26;87;-8145
26;88;-8320
26;89;-8497
26;90;-8676
26;91;-8857
26;92;-9040
26;93;-9225
26;94;-9412
26;95;-9601
26;96;-9792
26;97;-9985
26;98;-10180
26;99;-10377
26;100;-10576
27;1;-630
27;2;-633
27;3;-638
27;4;-645
27;5;-654
27;6;-665
27;7;-678
27;8;-693
27;9;-710
27;10;-729
27;11;-750
27;12;-773
27;13;-798
27;14;-825
27;15;-854
27;16;-885
27;17;-918
27;18;-953
27;19;-990
27;20;-1029
27;21;-1070
27;22;-1113
27;23;-1158
27;24;-1205
27;25;-1254
27;26;-1305
27;27;-1358
27;28;-1413
27;29;-1470
27;30;-1529
27;31;-1590
27;32;-1653
27;33;-1718
27;34;-1785
27;35;-1854
27;36;-1925
27;37;-1998
27;38;-2073
27;39;-2150
27;40;-2229
27;41;-2310
27;42;-2393
27;43;-2478
27;44;-2565
27;45;-2654
27;46;-2745
27;47;-2838
27;48;-2933
27;49;-3030
27;50;-3129
27;51;-3230
27;52;-3333
27;53;-3438
27;54;-3545
27;55;-3654
27;56;-3765
27;57;-3878
27;58;-3993
27;59;-4110
27;60;-4229
27;61;-4350
27;62;-4473
27;63;-4598
27;64;-4725
27;65;-4854
27;66;-4985
27;67;-5118
27;68;-5253
27;69;-5390
27;70;-5529
27;71;-5670
27;72;-5813
27;73;-5958
27;74;-6105
27;75;-6254
27;76;-6405
27;77;-6558
27;78;-6713
27;79;-6870
27;80;-7029
27;81;-7190
27;82;-7353
27;83;-7518
27;84;-7685
27;85;-7854
27;86;-8025
27;87;-8198
27;88;-8373
27;89;-8550
27;90;-8729
27;91;-8910
27;92;-9093
27;93;-9278
27;94;-9465
27;95;-9654
27;96;-9845
27;97;-10038
27;98;-10233
27;99;-10430
27;100;-10629
28;1;-685
28;2;-688
28;3;-693
28;4;-700
28;5;-709
28;6;-720
28;7;-733
28;8;-748
28;9;-765
28;10;-784
28;11;-805
28;12;-828
28;13;-853
28;14;-880
28;15;-909
28;16;-940
28;17;-973
28;18;-1008
28;19;-1045
28;20;-1084
28;21;-1125
28;22;-1168
28;23;-1213
28;24;-1260
28;25;-1309
28;26;-1360
28;27;-1413
28;28;-1468
28;29;-1525
28;30;-1584
28;31;-1645
28;32;-1708
28;33;-1773
28;34;-1840
28;35;-1909
28;36;-1980
28;37;-2053
28;38;-2128
28;39;-2205
28;40;-2284
28;41;-2365
28;42;-2448
28;43;-2533
28;44;-2620
28;45;-2709
28;46;-2800
28;47;-2893
28;48;-2988
28;49;-3085
28;50;-3184
28;51;-3285
28;52;-3388
28;53;-3493
28;54;-3600
28;55;-3709
28;56;-3820
28;57;-3933
28;58;-4048
28;59;-4165
28;60;-4284
28;61;-4405
28;62;-4528
28;63;-4653
28;64;-4780
28;65;-4909
28;66;-5040
28;67;-5173
28;68;-5308
28;69;-5445
28;70;-5584
28;71;-5725
28;72;-5868
28;73;-6013
28;74;-6160
28;75;-6309
28;76;-6460
28;77;-6613
28;78;-6768
28;79;-6925
28;80;-7084
28;81;-7245
28;82;-7408
28;83;-7573
28;84;-7740
28;85;-7909
28;86;-8080
28;87;-8253
28;88;-8428
28;89;-8605
28;90;-8784
28;91;-8965
28;92;-9148
28;93;-9333
28;94;-9520
28;95;-9709
28;96;-9900
28;97;-10093
28;98;-10288
28;99;-10485
28;100;-10684
29;1;-742
29;2;-745
29;3;-750
29;4;-757
29;5;-766
29;6;-777
29;7;-790
29;8;-805
29;9;-822
29;10;-841
29;11;-862
29;12;-885
29;13;-910
29;14;-937
29;15;-966
29;16;-997
29;17;-1030
29;18;-1065
29;19;-1102
29;20;-1141
29;21;-1182
29;22;-1225
29;23;-1270
29;24;-1317
29;25;-1366
29;26;-1417
29;27;-1470
29;28;-1525
29;29;-1582
29;30;-1641
29;31;-1702
29;32;-1765
29;33;-1830
29;34;-1897
29;35;-1966
29;36;-2037
29;37;-2110
29;38;-2185
29;39;-2262
29;40;-2341
29;41;-2422
29;42;-2505
29;43;-2590
29;44;-2677
29;45;-2766
29;46;-2857
29;47;-2950
29;48;-3045
29;49;-3142
29;50;-3241
29;51;-3342
29;52;-3445
29;53;-3550
29;54;-3657
29;55;-3766
29;56;-3877
29;57;-3990
29;58;-4105
29;59;-4222
29;60;-4341
29;61;-4462
29;62;-4585
29;63;-4710
29;64;-4837
29;65;-4966
29;66;-5097
29;67;-5230
29;68;-5365
29;69;-5502
29;70;-5641
29;71;-5782
29;72;-5925
29;73;-6070
29;74;-6217
29;75;-6366
29;76;-6517
29;77;-6670
29;78;-6825
29;79;-6982
29;80;-7141
29;81;-7302
29;82;-7465
29;83;-7630
29;84;-7797
29;85;-7966
29;86;-8137
29;87;-8310
29;88;-8485
29;89;-8662
29;90;-8841
29;91;-9022
29;92;-9205
29;93;-9390
29;94;-9577
29;95;-9766
29;96;-9957
29;97;-10150
29;98;-10345
29;99;-10542
29;100;-10741
30;1;-801
30;2;-804
30;3;-809
30;4;-816
30;5;-825
30;6;-836
30;7;-849
30;8;-864
30;9;-881
30;10;-900
30;11;-921
30;12;-944
30;13;-969
30;14;-996
30;15;-1025
30;16;-1056
30;17;-1089
30;18;-1124
30;19;-1161
30;20;-1200
30;21;-1241
30;22;-1284
30;23;-1329
30;24;-1376
30;25;-1425
30;26;-1476
30;27;-1529
30;28;-1584
30;29;-1641
30;30;-1700
30;31;-1761
30;32;-1824
30;33;-1889
30;34;-1956
30;35;-2025
30;36;-2096
30;37;-2169
30;38;-2244
30;39;-2321
30;40;-2400
30;41;-2481
30;42;-2564
30;43;-2649
30;44;-2736
30;45;-2825
30;46;-2916
30;47;-3009
30;48;-3104
30;49;-3201
30;50;-3300
30;51;-3401
30;52;-3504
30;53;-3609
30;54;-3716
30;55;-3825
30;56;-3936
30;57;-4049
30;58;-4164
30;59;-4281
30;60;-4400
30;61;-4521
30;62;-4644
30;63;-4769
30;64;-4896
30;65;-5025
30;66;-5156
30;67;-5289
30;68;-5424
30;69;-5561
30;70;-5700
30;71;-5841
30;72;-5984
30;73;-6129
30;74;-6276
30;75;-6425
30;76;-6576
30;77;-6729
30;78;-6884
30;79;-7041
30;80;-7200
30;81;-7361
30;82;-7524
30;83;-7689
30;84;-7856
30;85;-8025
30;86;-8196
30;87;-8369
30;88;-8544
30;89;-8721
30;90;-8900
30;91;-9081
30;92;-9264
30;93;-9449
30;94;-9636
30;95;-9825
30;96;-10016
30;97;-10209
30;98;-10404
30;99;-10601
30;100;-10800
31;1;-862
31;2;-865
31;3;-870
31;4;-877
31;5;-886
31;6;-897
31;7;-910
31;8;-925
31;9;-942
31;10;-961
31;11;-982
31;12;-1005
31;13;-1030
31;14;-1057
31;15;-1086
31;16;-1117
31;17;-1150
31;18;-1185
31;19;-1222
31;20;-1261
31;21;-1302
31;22;-1345
31;23;-1390
31;24;-1437
31;25;-1486
31;26;-1537
31;27;-1590
31;28;-1645
31;29;-1702
31;30;-1761
31;31;-1822
31;32;-1885
31;33;-1950
31;34;-2017
31;35;-2086
31;36;-2157
31;37;-2230
31;38;-2305
31;39;-2382
31;40;-2461
31;41;-2542
31;42;-2625
31;43;-2710
31;44;-2797
31;45;-2886
31;46;-2977
31;47;-3070
31;48;-3165
31;49;-3262
31;50;-3361
31;51;-3462
31;52;-3565
31;53;-3670
31;54;-3777
31;55;-3886
31;56;-3997
31;57;-4110
31;58;-4225
31;59;-4342
31;60;-4461
31;61;-4582
31;62;-4705
31;63;-4830
31;64;-4957
31;65;-5086
31;66;-5217
31;67;-5350
31;68;-5485
31;69;-5622
31;70;-5761
31;71;-5902
31;72;-6045
31;73;-6190
31;74;-6337
31;75;-6486
31;76;-6637
31;77;-6790
31;78;-6945
31;79;-7102
31;80;-7261
31;81;-7422
31;82;-7585
31;83;-7750
31;84;-7917
31;85;-8086
31;86;-8257
31;87;-8430
31;88;-8605
31;89;-8782
31;90;-8961
31;91;-9142
31;92;-9325
31;93;-9510
31;94;-9697
31;95;-9886
31;96;-10077
31;97;-10270
31;98;-10465
31;99;-10662
31;100;-10861
32;1;-925
32;2;-928
32;3;-933
32;4;-940
32;5;-949
32;6;-960
32;7;-973
32;8;-988
32;9;-1005
32;10;-1024
32;11;-1045
32;12;-1068
32;13;-1093
32;14;-1120
32;15;-1149
32;16;-1180
32;17;-1213
32;18;-1248
32;19;-1285
32;20;-1324
32;21;-1365
32;22;-1408
32;23;-1453
32;24;-1500
32;25;-1549
32;26;-1600
32;27;-1653
32;28;-1708
32;29;-1765
32;30;-1824
32;31;-1885
32;32;-1948
32;33;-2013
32;34;-2080
32;35;-2149
32;36;-2220
32;37;-2293
32;38;-2368
32;39;-2445
32;40;-2524
32;41;-2605
32;42;-2688
32;43;-2773
32;44;-2860
32;45;-2949
32;46;-3040
32;47;-3133
32;48;-3228
32;49;-3325
32;50;-3424
32;51;-3525
32;52;-3628
32;53;-3733
32;54;-3840
32;55;-3949
32;56;-4060
32;57;-4173
32;58;-4288
32;59;-4405
32;60;-4524
32;61;-4645
32;62;-4768
32;63;-4893
32;64;-5020
32;65;-5149
32;66;-5280
32;67;-5413
32;68;-5548
32;69;-5685
32;70;-5824
32;71;-5965
32;72;-6108
32;73;-6253
32;74;-6400
32;75;-6549
32;76;-6700
32;77;-6853
32;78;-7008
32;79;-7165
32;80;-7324
32;81;-7485
32;82;-7648
32;83;-7813
32;84;-7980
32;85;-8149
32;86;-8320
32;87;-8493
32;88;-8668
32;89;-8845
32;90;-9024
32;91;-9205
32;92;-9388
32;93;-9573
32;94;-9760
32;95;-9949
32;96;-10140
32;97;-10333
32;98;-10528
32;99;-10725
32;100;-10924
33;1;-990
33;2;-993
33;3;-998
33;4;-1005
33;5;-1014
33;6;-1025
33;7;-1038
33;8;-1053
33;9;-1070
33;10;-1089
33;11;-1110
33;12;-1133
33;13;-1158
33;14;-1185
33;15;-1214
33;16;-1245
33;17;-1278
33;18;-1313
33;19;-1350
33;20;-1389
33;21;-1430
33;22;-1473
33;23;-1518
33;24;-1565
33;25;-1614
33;26;-1665
33;27;-1718
33;28;-1773
33;29;-1830
33;30;-1889
33;31;-1950
33;32;-2013
33;33;-2078
33;34;-2145
33;35;-2214
33;36;-2285
33;37;-2358
33;38;-2433
33;39;-2510
33;40;-2589
33;41;-2670
33;42;-2753
33;43;-2838
33;44;-2925
33;45;-3014
33;46;-3105
33;47;-3198
33;48;-3293
33;49;-3390
33;50;-3489
33;51;-3590
33;52;-3693
33;53;-3798
33;54;-3905
33;55;-4014
33;56;-4125
33;57;-4238
33;58;-4353
33;59;-4470
33;60;-4589
33;61;-4710
33;62;-4833
33;63;-4958
33;64;-5085
33;65;-5214
33;66;-5345
33;67;-5478
33;68;-5613
33;69;-5750
33;70;-5889
33;71;-6030
33;72;-6173
33;73;-6318
33;74;-6465
33;75;-6614
33;76;-6765
33;77;-6918
33;78;-7073
33;79;-7230
33;80;-7389
33;81;-7550
33;82;-7713
33;83;-7878
33;84;-8045
33;85;-8214
33;86;-8385
33;87;-8558
33;88;-8733
33;89;-8910
33;90;-9089
33;91;-9270
33;92;-9453
33;93;-9638
33;94;-9825
33;95;-10014
33;96;-10205
33;97;-10398
33;98;-10593
33;99;-10790
33;100;-10989
34;1;-1057
34;2;-1060
34;3;-1065
34;4;-1072
34;5;-1081
34;6;-1092
34;7;-1105
34;8;-1120
34;9;-1137
34;10;-1156
34;11;-1177
34;12;-1200
34;13;-1225
34;14;-1252
34;15;-1281
34;16;-1312
34;17;-1345
34;18;-1380
34;19;-1417
34;20;-1456
34;21;-1497
34;22;-1540
34;23;-1585
34;24;-1632
34;25;-1681
34;26;-1732
34;27;-1785
34;28;-1840
34;29;-1897
34;30;-1956
34;31;-2017
34;32;-2080
34;33;-2145
34;34;-2212
34;35;-2281
34;36;-2352
34;37;-2425
34;38;-2500
34;39;-2577
34;40;-2656
34;41;-2737
34;42;-2820
34;43;-2905
34;44;-2992
34;45;-3081
34;46;-3172
34;47;-3265
34;48;-3360
34;49;-3457
34;50;-3556
34;51;-3657
34;52;-3760
34;53;-3865
34;54;-3972
34;55;-4081
34;56;-4192
34;57;-4305
34;58;-4420
34;59;-4537
34;60;-4656
34;61;-4777
34;62;-4900
34;63;-5025
34;64;-5152
34;65;-5281
34;66;-5412
34;67;-5545
34;68;-5680
34;69;-5817
34;70;-5956
34;71;-6097
34;72;-6240
34;73;-6385
34;74;-6532
34;75;-6681
34;76;-6832
34;77;-6985
34;78;-7140
34;79;-7297
34;80;-7456
34;81;-7617
34;82;-7780
34;83;-7945
34;84;-8112
34;85;-8281
34;86;-8452
34;87;-8625
34;88;-8800
34;89;-8977
34;90;-9156
34;91;-9337
34;92;-9520
34;93;-9705
34;94;-9892
34;95;-10081
34;96;-10272
34;97;-10465
34;98;-10660
34;99;-10857
34;100;-11056
35;1;-1126
35;2;-1129
35;3;-1134
35;4;-1141
35;5;-1150
35;6;-1161
35;7;-1174
35;8;-1189
35;9;-1206
35;10;-1225
35;11;-1246
35;12;-1269
35;13;-1294
35;14;-1321
35;15;-1350
35;16;-1381
35;17;-1414
35;18;-1449
35;19;-1486
35;20;-1525
35;21;-1566
35;22;-1609
35;23;-1654
35;24;-1701
35;25;-1750
35;26;-1801
35;27;-1854
35;28;-1909
35;29;-1966
35;30;-2025
35;31;-2086
35;32;-2149
35;33;-2214
35;34;-2281
35;35;-2350
35;36;-2421
35;37;-2494
35;38;-2569
35;39;-2646
35;40;-2725
35;41;-2806
35;42;-2889
35;43;-2974
35;44;-3061
35;45;-3150
35;46;-3241
35;47;-3334
35;48;-3429
35;49;-3526
35;50;-3625
35;51;-3726
35;52;-3829
35;53;-3934
35;54;-4041
35;55;-4150
35;56;-4261
35;57;-4374
35;58;-4489
35;59;-4606
35;60;-4725
35;61;-4846
35;62;-4969
35;63;-5094
35;64;-5221
35;65;-5350
35;66;-5481
35;67;-5614
35;68;-5749
35;69;-5886
35;70;-6025
35;71;-6166
35;72;-6309
35;73;-6454
35;74;-6601
35;75;-6750
35;76;-6901
35;77;-7054
35;78;-7209
35;79;-7366
35;80;-7525
35;81;-7686
35;82;-7849
35;83;-8014
35;84;-8181
35;85;-8350
35;86;-8521
35;87;-8694
35;88;-8869
35;89;-9046
35;90;-9225
35;91;-9406
35;92;-9589
35;93;-9774
35;94;-9961
35;95;-10150
35;96;-10341
35;97;-10534
35;98;-10729
35;99;-10926
35;100;-11125
36;1;-1197
36;2;-1200
36;3;-1205
36;4;-1212
36;5;-1221
36;6;-1232
36;7;-1245
36;8;-1260
36;9;-1277
36;10;-1296
36;11;-1317
36;12;-1340
36;13;-1365
36;14;-1392
